j1 = 0.00159060
j2 = 0.00413578
J = 0.00286319