j1 = 1.00000091
j2 = 1.00000000
J = 1.00000045