j1 = 0.99505808
j2 = 1.00056820
J = 0.99781314